8
12
32
95
0
0
0
0
0
0
0
0
0
0
0
0
0
0
32
32
32
32
32
32
0
32
0
0
0
40
80
80
0
0
0
0
0
0
0
0
0
0
40
40
252
40
80
252
80
80
0
0
0
32
120
168
160
96
48
40
168
240
32
0
0
0
72
168
176
80
40
52
84
72
0
0
0
0
32
80
80
120
168
168
144
108
0
0
0
64
64
128
0
0
0
0
0
0
0
0
0
4
8
16
16
16
16
16
16
8
4
0
0
64
32
16
16
16
16
16
16
32
64
0
0
0
0
32
168
112
112
168
32
0
0
0
0
0
32
32
32
248
32
32
32
0
0
0
0
0
0
0
0
0
0
0
0
64
64
128
0
0
0
0
0
248
0
0
0
0
0
0
0
0
0
0
0
0
0
0
0
64
0
0
0
8
16
16
16
32
32
64
64
64
128
0
0
0
112
136
136
136
136
136
136
112
0
0
0
0
32
96
32
32
32
32
32
112
0
0
0
0
112
136
136
16
32
64
128
248
0
0
0
0
112
136
8
48
8
8
136
112
0
0
0
0
16
48
80
80
144
120
16
24
0
0
0
0
248
128
128
240
8
8
136
112
0
0
0
0
112
144
128
240
136
136
136
112
0
0
0
0
248
144
16
32
32
32
32
32
0
0
0
0
112
136
136
112
136
136
136
112
0
0
0
0
112
136
136
136
120
8
72
112
0
0
0
0
0
0
32
0
0
0
0
32
0
0
0
0
0
0
0
32
0
0
0
32
32
0
0
4
8
16
32
64
32
16
8
4
0
0
0
0
0
0
248
0
0
248
0
0
0
0
0
64
32
16
8
4
8
16
32
64
0
0
0
0
112
136
136
16
32
32
0
32
0
0
0
0
112
136
152
168
168
184
128
120
0
0
0
0
32
32
48
80
80
120
72
204
0
0
0
0
240
72
72
112
72
72
72
240
0
0
0
0
120
136
128
128
128
128
136
112
0
0
0
0
240
72
72
72
72
72
72
240
0
0
0
0
248
72
80
112
80
64
72
248
0
0
0
0
248
72
80
112
80
64
64
224
0
0
0
0
56
72
128
128
156
136
72
48
0
0
0
0
204
72
72
120
72
72
72
204
0
0
0
0
248
32
32
32
32
32
32
248
0
0
0
0
124
16
16
16
16
16
16
144
224
0
0
0
236
72
80
96
80
80
72
236
0
0
0
0
224
64
64
64
64
64
68
252
0
0
0
0
216
216
216
216
168
168
168
168
0
0
0
0
220
72
104
104
88
88
72
232
0
0
0
0
112
136
136
136
136
136
136
112
0
0
0
0
240
72
72
112
64
64
64
224
0
0
0
0
112
136
136
136
136
232
152
112
24
0
0
0
240
72
72
112
80
72
72
236
0
0
0
0
120
136
128
96
16
8
136
240
0
0
0
0
248
168
32
32
32
32
32
112
0
0
0
0
204
72
72
72
72
72
72
48
0
0
0
0
204
72
72
80
80
48
32
32
0
0
0
0
168
168
168
112
80
80
80
80
0
0
0
0
216
80
80
32
32
80
80
216
0
0
0
0
216
80
80
32
32
32
32
112
0
0
0
0
248
144
16
32
32
64
72
248
0
0
0
56
32
32
32
32
32
32
32
32
56
0
0
64
64
64
32
32
16
16
16
8
0
0
0
112
16
16
16
16
16
16
16
16
112
0
0
32
80
0
0
0
0
0
0
0
0
0
0
0
0
0
0
0
0
0
0
0
0
252
0
32
0
0
0
0
0
0
0
0
0
0
0
0
0
0
0
48
72
56
72
60
0
0
0
0
192
64
64
112
72
72
72
112
0
0
0
0
0
0
0
56
72
64
64
56
0
0
0
0
24
8
8
56
72
72
72
60
0
0
0
0
0
0
0
48
72
120
64
56
0
0
0
0
28
32
32
120
32
32
32
120
0
0
0
0
0
0
0
60
72
48
64
120
68
56
0
0
192
64
64
112
72
72
72
236
0
0
0
0
32
0
0
96
32
32
32
112
0
0
0
0
16
0
0
48
16
16
16
16
16
224
0
0
192
64
64
92
80
112
72
236
0
0
0
0
224
32
32
32
32
32
32
248
0
0
0
0
0
0
0
240
168
168
168
168
0
0
0
0
0
0
0
240
72
72
72
236
0
0
0
0
0
0
0
48
72
72
72
48
0
0
0
0
0
0
0
240
72
72
72
112
64
224
0
0
0
0
0
56
72
72
72
56
8
28
0
0
0
0
0
216
96
64
64
224
0
0
0
0
0
0
0
120
64
48
8
120
0
0
0
0
0
32
32
112
32
32
32
24
0
0
0
0
0
0
0
216
72
72
72
60
0
0
0
0
0
0
0
236
72
80
48
32
0
0
0
0
0
0
0
168
168
112
80
80
0
0
0
0
0
0
0
216
80
32
80
216
0
0
0
0
0
0
0
236
72
80
48
32
32
192
0
0
0
0
0
120
16
32
32
120
0
0
0
24
16
16
16
32
16
16
16
16
24
0
16
16
16
16
16
16
16
16
16
16
16
16
0
96
32
32
32
16
32
32
32
32
96
0
64
164
24
0
0
0
0
0
0
0
0
0
